version https://git-lfs.github.com/spec/v1
oid sha256:0f083f803d921dc58607e2e5bed5be2701afd7090d97cffe2de7d07109745eb1
size 1177
