version https://git-lfs.github.com/spec/v1
oid sha256:1f26e7ba26dd6a180e134d5a9c999ce3d03174579cf1179d61871d77150efbea
size 529
