version https://git-lfs.github.com/spec/v1
oid sha256:66c336630576dcd9c0d9646b6406def294038be80d368cfa9d785d3f33cdd8d1
size 1558
