version https://git-lfs.github.com/spec/v1
oid sha256:37c73362ce8a57ce414caaf54a8900e95388a693f666d115b1392774a34ebe37
size 1044
