version https://git-lfs.github.com/spec/v1
oid sha256:60ae9643b7bec1023906cdc3cedf50391f74456dae8a65c21f3c6d09623294b5
size 136
