version https://git-lfs.github.com/spec/v1
oid sha256:3a898f540f6aba551a8c5dbba8339645f9af00502653a4a540bbaec027598fe0
size 1865
