version https://git-lfs.github.com/spec/v1
oid sha256:8bdb3198e5626b355b9703ca68fb3fcf0368c3f41d60d9b0ccf4bffd2565f9b3
size 1257
